250	0.9603
251	0.9608
252	0.9618
253	0.9623
254	0.9625
255	0.9628
256	0.9637
257	0.9638
258	0.9640
259	0.9649
260	0.9648
261	0.9655
262	0.9661
263	0.9671
264	0.9678
265	0.9679
266	0.9680
267	0.9685
268	0.9677
269	0.9683
270	0.9689
271	0.9694
272	0.9696
273	0.9698
274	0.9704
275	0.9716
276	0.9717
277	0.9712
278	0.9715
279	0.9709
280	0.9718
281	0.9726
282	0.9723
283	0.9728
284	0.9736
285	0.9737
286	0.9751
287	0.9749
288	0.9750
289	0.9759
290	0.9763
291	0.9764
292	0.9763
293	0.9774
294	0.9773
295	0.9772
296	0.9772
297	0.9766
298	0.9768
299	0.9770
300	0.9780
301	0.9786
302	0.9773
303	0.9785
304	0.9784
305	0.9797
306	0.9787
307	0.9801
308	0.9788
309	0.9786
310	0.9798
311	0.9805
312	0.9806
313	0.9806
314	0.9801
315	0.9802
316	0.9811
317	0.9790
318	0.9803
319	0.9807
320	0.9848
321	0.9813
322	0.9786
323	0.9817
324	0.9821
325	0.9846
326	0.9806
327	0.9811
328	0.9802
329	0.9825
330	0.9814
331	0.9811
332	0.9829
333	0.9829
334	0.9833
335	0.9827
336	0.9821
337	0.9824
338	0.9844
339	0.9841
340	0.9813
341	0.9837
342	0.9831
343	0.9825
344	0.9816
345	0.9836
346	0.9830
347	0.9813
348	0.9819
349	0.9850
350	0.9826
351	0.9843
352	0.9828
353	0.9839
354	0.9856
355	0.9834
356	0.9847
357	0.9837
358	0.9864
359	0.9839
360	0.9829
361	0.9866
362	0.9850
363	0.9859
364	0.9854
365	0.9860
366	0.9858
367	0.9850
368	0.9858
369	0.9841
370	0.9841
371	0.9867
372	0.9848
373	0.9849
374	0.9867
375	0.9864
376	0.9868
377	0.9837
378	0.9855
379	0.9858
380	0.9868
381	0.9862
382	0.9863
383	0.9860
384	0.9861
385	0.9861
386	0.9866
387	0.9861
388	0.9865
389	0.9866
390	0.9868
391	0.9868
392	0.9868
393	0.9873
394	0.9874
395	0.9871
396	0.9878
397	0.9880
398	0.9877
399	0.9877
400	0.9877
401	0.9877
402	0.9875
403	0.9878
404	0.9876
405	0.9877
406	0.9880
407	0.9882
408	0.9888
409	0.9880
410	0.9883
411	0.9886
412	0.9885
413	0.9882
414	0.9884
415	0.9883
416	0.9878
417	0.9881
418	0.9884
419	0.9884
420	0.9887
421	0.9882
422	0.9881
423	0.9883
424	0.9886
425	0.9884
426	0.9886
427	0.9883
428	0.9882
429	0.9886
430	0.9888
431	0.9887
432	0.9885
433	0.9890
434	0.9887
435	0.9890
436	0.9886
437	0.9886
438	0.9883
439	0.9885
440	0.9888
441	0.9890
442	0.9888
443	0.9887
444	0.9888
445	0.9887
446	0.9887
447	0.9890
448	0.9890
449	0.9893
450	0.9891
451	0.9889
452	0.9891
453	0.9892
454	0.9892
455	0.9891
456	0.9894
457	0.9893
458	0.9891
459	0.9892
460	0.9892
461	0.9891
462	0.9891
463	0.9893
464	0.9893
465	0.9893
466	0.9894
467	0.9895
468	0.9895
469	0.9895
470	0.9896
471	0.9894
472	0.9893
473	0.9894
474	0.9896
475	0.9896
476	0.9898
477	0.9898
478	0.9897
479	0.9896
480	0.9897
481	0.9897
482	0.9896
483	0.9898
484	0.9901
485	0.9898
486	0.9897
487	0.9897
488	0.9896
489	0.9899
490	0.9900
491	0.9900
492	0.9897
493	0.9897
494	0.9899
495	0.9898
496	0.9900
497	0.9900
498	0.9899
499	0.9900
500	0.9901
501	0.9901
502	0.9901
503	0.9902
504	0.9902
505	0.9901
506	0.9901
507	0.9901
508	0.9902
509	0.9901
510	0.9900
511	0.9901
512	0.9902
513	0.9901
514	0.9902
515	0.9903
516	0.9903
517	0.9900
518	0.9899
519	0.9902
520	0.9903
521	0.9903
522	0.9903
523	0.9902
524	0.9902
525	0.9902
526	0.9903
527	0.9903
528	0.9903
529	0.9905
530	0.9902
531	0.9901
532	0.9903
533	0.9904
534	0.9905
535	0.9904
536	0.9904
537	0.9903
538	0.9902
539	0.9901
540	0.9903
541	0.9903
542	0.9902
543	0.9903
544	0.9903
545	0.9902
546	0.9902
547	0.9901
548	0.9902
549	0.9903
550	0.9903
551	0.9904
552	0.9903
553	0.9903
554	0.9905
555	0.9905
556	0.9904
557	0.9904
558	0.9904
559	0.9904
560	0.9905
561	0.9904
562	0.9904
563	0.9906
564	0.9905
565	0.9904
566	0.9903
567	0.9904
568	0.9905
569	0.9903
570	0.9903
571	0.9906
572	0.9905
573	0.9903
574	0.9903
575	0.9903
576	0.9903
577	0.9903
578	0.9904
579	0.9906
580	0.9908
581	0.9907
582	0.9902
583	0.9903
584	0.9905
585	0.9904
586	0.9902
587	0.9904
588	0.9905
589	0.9906
590	0.9906
591	0.9907
592	0.9905
593	0.9902
594	0.9904
595	0.9904
596	0.9905
597	0.9905
598	0.9903
599	0.9904
600	0.9906
601	0.9906
602	0.9904
603	0.9907
604	0.9906
605	0.9906
606	0.9908
607	0.9906
608	0.9906
609	0.9907
610	0.9906
611	0.9906
612	0.9909
613	0.9908
614	0.9905
615	0.9906
616	0.9906
617	0.9905
618	0.9906
619	0.9907
620	0.9906
621	0.9905
622	0.9904
623	0.9908
624	0.9908
625	0.9906
626	0.9907
627	0.9908
628	0.9908
629	0.9909
630	0.9907
631	0.9906
632	0.9904
633	0.9906
634	0.9905
635	0.9904
636	0.9904
637	0.9908
638	0.9909
639	0.9907
640	0.9907
641	0.9907
642	0.9905
643	0.9907
644	0.9906
645	0.9907
646	0.9905
647	0.9906
648	0.9907
649	0.9908
650	0.9907
651	0.9905
652	0.9905
653	0.9906
654	0.9910
655	0.9908
656	0.9908
657	0.9907
658	0.9909
659	0.9907
660	0.9908
661	0.9904
662	0.9905
663	0.9908
664	0.9907
665	0.9909
666	0.9904
667	0.9904
668	0.9907
669	0.9906
670	0.9908
671	0.9909
672	0.9907
673	0.9909
674	0.9909
675	0.9912
676	0.9908
677	0.9909
678	0.9906
679	0.9907
680	0.9907
681	0.9905
682	0.9905
683	0.9903
684	0.9911
685	0.9907
686	0.9904
687	0.9906
688	0.9907
689	0.9909
690	0.9912
691	0.9907
692	0.9909
693	0.9906
694	0.9905
695	0.9912
696	0.9906
697	0.9908
698	0.9908
699	0.9905
700	0.9911
701	0.9910
702	0.9909
703	0.9908
704	0.9912
705	0.9909
706	0.9910
707	0.9913
708	0.9915
709	0.9907
710	0.9910
711	0.9912
712	0.9909
713	0.9908
714	0.9913
715	0.9916
716	0.9910
717	0.9908
718	0.9911
719	0.9915
720	0.9906
721	0.9908
722	0.9904
723	0.9909
724	0.9913
725	0.9911
726	0.9913
727	0.9905
728	0.9903
729	0.9911
730	0.9910
731	0.9918
732	0.9914
733	0.9908
734	0.9910
735	0.9910
736	0.9913
737	0.9913
738	0.9910
739	0.9906
740	0.9909
741	0.9909
742	0.9911
743	0.9908
744	0.9912
745	0.9908
746	0.9913
747	0.9914
748	0.9907
749	0.9910
750	0.9912
751	0.9907
752	0.9914
753	0.9907
754	0.9905
755	0.9912
756	0.9905
757	0.9907
758	0.9917
759	0.9914
760	0.9914
761	0.9914
762	0.9913
763	0.9904
764	0.9910
765	0.9909
766	0.9911
767	0.9909
768	0.9909
769	0.9911
770	0.9910
771	0.9915
772	0.9910
773	0.9904
774	0.9914
775	0.9906
776	0.9912
777	0.9914
778	0.9912
779	0.9908
780	0.9910
781	0.9910
782	0.9906
783	0.9906
784	0.9909
785	0.9904
786	0.9908
787	0.9908
788	0.9909
789	0.9911
790	0.9911
791	0.9908
792	0.9913
793	0.9907
794	0.9916
795	0.9910
796	0.9913
797	0.9908
798	0.9911
799	0.9914
800	0.9909
801	0.9915
802	0.9917
803	0.9915
804	0.9911
805	0.9909
806	0.9910
807	0.9911
808	0.9914
809	0.9906
810	0.9907
811	0.9912
812	0.9919
813	0.9911
814	0.9903
815	0.9907
816	0.9903
817	0.9904
818	0.9911
819	0.9913
820	0.9914
821	0.9909
822	0.9906
823	0.9896
824	0.9900
825	0.9909
826	0.9909
827	0.9911
828	0.9912
829	0.9911
830	0.9910
831	0.9897
832	0.9903
833	0.9902
834	0.9908
835	0.9908
836	0.9913
837	0.9917
838	0.9919
839	0.9912
840	0.9900
841	0.9908
842	0.9921
843	0.9914
844	0.9914
845	0.9919
846	0.9907
847	0.9906
848	0.9911
849	0.9909
850	0.9913
851	0.9911
852	0.9911
853	0.9902
854	0.9909
855	0.9912
856	0.9914
857	0.9917
858	0.9899
859	0.9890
860	0.9908
861	0.9910
862	0.9910
863	0.9910
864	0.9910
865	0.9910
866	0.9910
867	0.9911
868	0.9910
869	0.9910
870	0.9910
871	0.9910
872	0.9911
873	0.9911
874	0.9911
875	0.9911
876	0.9911
877	0.9911
878	0.9911
879	0.9911
880	0.9911
881	0.9911
882	0.9910
883	0.9910
884	0.9910
885	0.9911
886	0.9911
887	0.9911
888	0.9911
889	0.9911
890	0.9911
891	0.9911
892	0.9911
893	0.9911
894	0.9910
895	0.9911
896	0.9911
897	0.9911
898	0.9911
899	0.9911
900	0.9912
901	0.9912
902	0.9911
903	0.9911
904	0.9911
905	0.9911
906	0.9911
907	0.9911
908	0.9911
909	0.9911
910	0.9911
911	0.9912
912	0.9912
913	0.9911
914	0.9912
915	0.9912
916	0.9912
917	0.9912
918	0.9912
919	0.9911
920	0.9911
921	0.9911
922	0.9912
923	0.9912
924	0.9912
925	0.9912
926	0.9912
927	0.9912
928	0.9912
929	0.9912
930	0.9912
931	0.9912
932	0.9912
933	0.9912
934	0.9912
935	0.9912
936	0.9912
937	0.9912
938	0.9912
939	0.9912
940	0.9912
941	0.9912
942	0.9912
943	0.9912
944	0.9912
945	0.9912
946	0.9912
947	0.9911
948	0.9912
949	0.9912
950	0.9912
951	0.9912
952	0.9912
953	0.9912
954	0.9912
955	0.9912
956	0.9912
957	0.9912
958	0.9912
959	0.9912
960	0.9912
961	0.9912
962	0.9912
963	0.9912
964	0.9912
965	0.9912
966	0.9912
967	0.9912
968	0.9912
969	0.9912
970	0.9912
971	0.9912
972	0.9912
973	0.9912
974	0.9912
975	0.9912
976	0.9912
977	0.9912
978	0.9912
979	0.9912
980	0.9912
981	0.9912
982	0.9912
983	0.9912
984	0.9912
985	0.9912
986	0.9912
987	0.9912
988	0.9912
989	0.9912
990	0.9912
991	0.9912
992	0.9912
993	0.9912
994	0.9912
995	0.9912
996	0.9912
997	0.9912
998	0.9912
999	0.9912
1000	0.9912
1001	0.9912
1002	0.9912
1003	0.9912
1004	0.9912
1005	0.9912
1006	0.9912
1007	0.9912
1008	0.9912
1009	0.9912
1010	0.9912
1011	0.9912
1012	0.9912
1013	0.9912
1014	0.9912
1015	0.9912
1016	0.9912
1017	0.9912
1018	0.9912
1019	0.9912
1020	0.9912
1021	0.9912
1022	0.9912
1023	0.9912
1024	0.9912
1025	0.9912
1026	0.9912
1027	0.9912
1028	0.9912
1029	0.9912
1030	0.9912
1031	0.9912
1032	0.9912
1033	0.9912
1034	0.9912
1035	0.9912
1036	0.9912
1037	0.9912
1038	0.9912
1039	0.9911
1040	0.9912
1041	0.9912
1042	0.9912
1043	0.9912
1044	0.9912
1045	0.9912
1046	0.9912
1047	0.9912
1048	0.9912
1049	0.9912
1050	0.9912
1051	0.9912
1052	0.9912
1053	0.9912
1054	0.9912
1055	0.9912
1056	0.9912
1057	0.9912
1058	0.9912
1059	0.9911
1060	0.9912
1061	0.9911
1062	0.9912
1063	0.9912
1064	0.9911
1065	0.9912
1066	0.9912
1067	0.9912
1068	0.9912
1069	0.9912
1070	0.9912
1071	0.9912
1072	0.9912
1073	0.9912
1074	0.9912
1075	0.9912
1076	0.9912
1077	0.9912
1078	0.9912
1079	0.9912
1080	0.9912
1081	0.9912
1082	0.9913
1083	0.9911
1084	0.9912
1085	0.9912
1086	0.9912
1087	0.9911
1088	0.9911
1089	0.9912
1090	0.9912
1091	0.9912
1092	0.9912
1093	0.9912
1094	0.9912
1095	0.9912
1096	0.9911
1097	0.9912
1098	0.9912
1099	0.9912
1100	0.9912
1101	0.9912
1102	0.9911
1103	0.9912
1104	0.9912
1105	0.9912
1106	0.9912
1107	0.9912
1108	0.9912
1109	0.9912
1110	0.9912
1111	0.9912
1112	0.9912
1113	0.9912
1114	0.9912
1115	0.9912
1116	0.9911
1117	0.9912
1118	0.9912
1119	0.9912
1120	0.9911
1121	0.9912
1122	0.9911
1123	0.9912
1124	0.9912
1125	0.9912
1126	0.9911
1127	0.9912
1128	0.9912
1129	0.9912
1130	0.9911
1131	0.9912
1132	0.9911
1133	0.9911
1134	0.9911
1135	0.9912
1136	0.9911
1137	0.9912
1138	0.9912
1139	0.9911
1140	0.9911
1141	0.9911
1142	0.9912
1143	0.9912
1144	0.9911
1145	0.9911
1146	0.9911
1147	0.9911
1148	0.9911
1149	0.9911
1150	0.9911
1151	0.9911
1152	0.9910
1153	0.9910
1154	0.9910
1155	0.9910
1156	0.9910
1157	0.9910
1158	0.9910
1159	0.9909
1160	0.9909
1161	0.9909
1162	0.9909
1163	0.9909
1164	0.9909
1165	0.9909
1166	0.9908
1167	0.9908
1168	0.9908
1169	0.9907
1170	0.9907
1171	0.9907
1172	0.9907
1173	0.9907
1174	0.9907
1175	0.9906
1176	0.9906
1177	0.9906
1178	0.9906
1179	0.9906
1180	0.9905
1181	0.9905
1182	0.9905
1183	0.9905
1184	0.9904
1185	0.9904
1186	0.9904
1187	0.9904
1188	0.9904
1189	0.9904
1190	0.9903
1191	0.9903
1192	0.9903
1193	0.9903
1194	0.9903
1195	0.9903
1196	0.9902
1197	0.9902
1198	0.9902
1199	0.9902
1200	0.9902
1201	0.9901
1202	0.9902
1203	0.9902
1204	0.9902
1205	0.9901
1206	0.9901
1207	0.9901
1208	0.9901
1209	0.9901
1210	0.9901
1211	0.9901
1212	0.9901
1213	0.9901
1214	0.9901
1215	0.9901
1216	0.9901
1217	0.9901
1218	0.9901
1219	0.9901
1220	0.9901
1221	0.9901
1222	0.9901
1223	0.9901
1224	0.9901
1225	0.9901
1226	0.9901
1227	0.9901
1228	0.9901
1229	0.9901
1230	0.9901
1231	0.9901
1232	0.9901
1233	0.9901
1234	0.9901
1235	0.9901
1236	0.9901
1237	0.9901
1238	0.9901
1239	0.9901
1240	0.9901
1241	0.9901
1242	0.9901
1243	0.9901
1244	0.9901
1245	0.9901
1246	0.9901
1247	0.9901
1248	0.9900
1249	0.9901
1250	0.9900
1251	0.9900
1252	0.9900
1253	0.9900
1254	0.9900
1255	0.9900
1256	0.9900
1257	0.9899
1258	0.9899
1259	0.9899
1260	0.9899
1261	0.9899
1262	0.9899
1263	0.9898
1264	0.9898
1265	0.9898
1266	0.9898
1267	0.9897
1268	0.9897
1269	0.9897
1270	0.9897
1271	0.9897
1272	0.9897
1273	0.9896
1274	0.9896
1275	0.9896
1276	0.9896
1277	0.9896
1278	0.9895
1279	0.9895
1280	0.9895
1281	0.9895
1282	0.9895
1283	0.9894
1284	0.9894
1285	0.9894
1286	0.9894
1287	0.9894
1288	0.9894
1289	0.9893
1290	0.9893
1291	0.9893
1292	0.9892
1293	0.9892
1294	0.9892
1295	0.9892
1296	0.9892
1297	0.9891
1298	0.9891
1299	0.9891
1300	0.9891
1301	0.9891
1302	0.9891
1303	0.9890
1304	0.9890
1305	0.9890
1306	0.9890
1307	0.9889
1308	0.9889
1309	0.9889
1310	0.9889
1311	0.9889
1312	0.9888
1313	0.9888
1314	0.9888
1315	0.9888
1316	0.9888
1317	0.9887
1318	0.9887
1319	0.9887
1320	0.9887
1321	0.9887
1322	0.9887
1323	0.9886
1324	0.9886
1325	0.9886
1326	0.9886
1327	0.9885
1328	0.9885
1329	0.9885
1330	0.9885
1331	0.9884
1332	0.9884
1333	0.9884
1334	0.9884
1335	0.9884
1336	0.9883
1337	0.9883
1338	0.9883
1339	0.9883
1340	0.9883
1341	0.9883
1342	0.9882
1343	0.9882
1344	0.9882
1345	0.9882
1346	0.9882
1347	0.9882
1348	0.9881
1349	0.9881
1350	0.9881
1351	0.9881
1352	0.9881
1353	0.9881
1354	0.9880
1355	0.9880
1356	0.9880
1357	0.9880
1358	0.9880
1359	0.9880
1360	0.9879
1361	0.9879
1362	0.9879
1363	0.9879
1364	0.9879
1365	0.9879
1366	0.9879
1367	0.9879
1368	0.9878
1369	0.9878
1370	0.9878
1371	0.9878
1372	0.9878
1373	0.9878
1374	0.9878
1375	0.9878
1376	0.9878
1377	0.9878
1378	0.9878
1379	0.9878
1380	0.9878
1381	0.9878
1382	0.9878
1383	0.9878
1384	0.9878
1385	0.9878
1386	0.9878
1387	0.9878
1388	0.9878
1389	0.9878
1390	0.9878
1391	0.9878
1392	0.9878
1393	0.9878
1394	0.9878
1395	0.9878
1396	0.9878
1397	0.9879
1398	0.9879
1399	0.9879
1400	0.9879
1401	0.9879
1402	0.9879
1403	0.9880
1404	0.9880
1405	0.9880
1406	0.9880
1407	0.9880
1408	0.9881
1409	0.9881
1410	0.9881
1411	0.9881
1412	0.9881
1413	0.9881
1414	0.9881
1415	0.9881
1416	0.9882
1417	0.9882
1418	0.9882
1419	0.9883
1420	0.9883
1421	0.9883
1422	0.9884
1423	0.9884
1424	0.9884
1425	0.9884
1426	0.9884
1427	0.9885
1428	0.9885
1429	0.9885
1430	0.9886
1431	0.9886
1432	0.9886
1433	0.9886
1434	0.9887
1435	0.9887
1436	0.9887
1437	0.9887
1438	0.9887
1439	0.9887
1440	0.9888
1441	0.9888
1442	0.9888
1443	0.9888
1444	0.9888
1445	0.9888
1446	0.9888
1447	0.9889
1448	0.9889
1449	0.9888
1450	0.9889
1451	0.9888
1452	0.9889
1453	0.9889
1454	0.9889
1455	0.9889
1456	0.9889
1457	0.9889
1458	0.9889
1459	0.9889
1460	0.9889
1461	0.9889
1462	0.9889
1463	0.9889
1464	0.9889
1465	0.9889
1466	0.9889
1467	0.9889
1468	0.9889
1469	0.9889
1470	0.9889
1471	0.9889
1472	0.9888
1473	0.9889
1474	0.9889
1475	0.9889
1476	0.9889
1477	0.9889
1478	0.9889
1479	0.9889
1480	0.9889
1481	0.9889
1482	0.9889
1483	0.9889
1484	0.9889
1485	0.9889
1486	0.9889
1487	0.9889
1488	0.9889
1489	0.9889
1490	0.9889
1491	0.9889
1492	0.9889
1493	0.9889
1494	0.9889
1495	0.9889
1496	0.9889
1497	0.9889
1498	0.9888
1499	0.9889
1500	0.9889
1501	0.9889
1502	0.9889
1503	0.9889
1504	0.9889
1505	0.9889
1506	0.9888
1507	0.9889
1508	0.9889
1509	0.9889
1510	0.9889
1511	0.9889
1512	0.9888
1513	0.9889
1514	0.9888
1515	0.9889
1516	0.9888
1517	0.9888
1518	0.9888
1519	0.9888
1520	0.9888
1521	0.9888
1522	0.9889
1523	0.9889
1524	0.9888
1525	0.9888
1526	0.9888
1527	0.9888
1528	0.9888
1529	0.9888
1530	0.9888
1531	0.9888
1532	0.9888
1533	0.9888
1534	0.9888
1535	0.9888
1536	0.9888
1537	0.9888
1538	0.9888
1539	0.9888
1540	0.9888
1541	0.9888
1542	0.9888
1543	0.9888
1544	0.9888
1545	0.9888
1546	0.9888
1547	0.9888
1548	0.9888
1549	0.9888
1550	0.9888
1551	0.9888
1552	0.9888
1553	0.9888
1554	0.9888
1555	0.9888
1556	0.9888
1557	0.9888
1558	0.9888
1559	0.9888
1560	0.9888
1561	0.9888
1562	0.9888
1563	0.9888
1564	0.9887
1565	0.9888
1566	0.9887
1567	0.9888
1568	0.9888
1569	0.9888
1570	0.9888
1571	0.9888
1572	0.9888
1573	0.9888
1574	0.9888
1575	0.9888
1576	0.9888
1577	0.9888
1578	0.9888
1579	0.9888
1580	0.9888
1581	0.9888
1582	0.9888
1583	0.9888
1584	0.9887
1585	0.9888
1586	0.9888
1587	0.9887
1588	0.9887
1589	0.9887
1590	0.9887
1591	0.9887
1592	0.9887
1593	0.9887
1594	0.9887
1595	0.9887
1596	0.9886
1597	0.9887
1598	0.9886
1599	0.9887
1600	0.9886
1601	0.9886
1602	0.9886
1603	0.9886
1604	0.9886
1605	0.9886
1606	0.9885
1607	0.9885
1608	0.9885
1609	0.9885
1610	0.9884
1611	0.9884
1612	0.9884
1613	0.9884
1614	0.9884
1615	0.9884
1616	0.9883
1617	0.9883
1618	0.9883
1619	0.9883
1620	0.9882
1621	0.9882
1622	0.9882
1623	0.9882
1624	0.9881
1625	0.9881
1626	0.9881
1627	0.9880
1628	0.9880
1629	0.9880
1630	0.9880
1631	0.9879
1632	0.9879
1633	0.9879
1634	0.9879
1635	0.9879
1636	0.9878
1637	0.9878
1638	0.9878
1639	0.9877
1640	0.9877
1641	0.9877
1642	0.9877
1643	0.9876
1644	0.9876
1645	0.9875
1646	0.9875
1647	0.9875
1648	0.9875
1649	0.9874
1650	0.9874
1651	0.9874
1652	0.9874
1653	0.9873
1654	0.9873
1655	0.9873
1656	0.9872
1657	0.9872
1658	0.9872
1659	0.9871
1660	0.9871
1661	0.9871
1662	0.9871
1663	0.9870
1664	0.9870
1665	0.9870
1666	0.9869
1667	0.9869
1668	0.9869
1669	0.9869
1670	0.9868
1671	0.9868
1672	0.9868
1673	0.9867
1674	0.9867
1675	0.9867
1676	0.9866
1677	0.9866
1678	0.9866
1679	0.9865
1680	0.9865
1681	0.9865
1682	0.9864
1683	0.9864
1684	0.9864
1685	0.9863
1686	0.9863
1687	0.9863
1688	0.9863
1689	0.9862
1690	0.9862
1691	0.9862
1692	0.9862
1693	0.9861
1694	0.9861
1695	0.9861
1696	0.9860
1697	0.9860
1698	0.9860
1699	0.9860
1700	0.9860
1701	0.9859
1702	0.9859
1703	0.9859
1704	0.9859
1705	0.9859
1706	0.9859
1707	0.9858
1708	0.9858
1709	0.9858
1710	0.9858
1711	0.9858
1712	0.9858
1713	0.9858
1714	0.9858
1715	0.9858
1716	0.9858
1717	0.9858
1718	0.9858
1719	0.9857
1720	0.9857
1721	0.9857
1722	0.9857
1723	0.9857
1724	0.9858
1725	0.9858
1726	0.9858
1727	0.9858
1728	0.9858
1729	0.9858
1730	0.9858
1731	0.9858
1732	0.9858
1733	0.9858
1734	0.9858
1735	0.9858
1736	0.9859
1737	0.9859
1738	0.9859
1739	0.9859
1740	0.9859
1741	0.9859
1742	0.9859
1743	0.9859
1744	0.9859
1745	0.9859
1746	0.9860
1747	0.9860
1748	0.9860
1749	0.9860
1750	0.9860
1751	0.9860
1752	0.9860
1753	0.9860
1754	0.9860
1755	0.9860
1756	0.9861
1757	0.9861
1758	0.9861
1759	0.9860
1760	0.9860
1761	0.9860
1762	0.9860
1763	0.9861
1764	0.9860
1765	0.9860
1766	0.9861
1767	0.9861
1768	0.9861
1769	0.9861
1770	0.9861
1771	0.9861
1772	0.9861
1773	0.9861
1774	0.9861
1775	0.9861
1776	0.9861
1777	0.9861
1778	0.9861
1779	0.9860
1780	0.9860
1781	0.9860
1782	0.9860
1783	0.9860
1784	0.9860
1785	0.9860
1786	0.9860
1787	0.9860
1788	0.9860
1789	0.9860
1790	0.9859
1791	0.9860
1792	0.9859
1793	0.9859
1794	0.9859
1795	0.9858
1796	0.9858
1797	0.9857
1798	0.9857
1799	0.9856
1800	0.9856
1801	0.9855
1802	0.9855
1803	0.9854
1804	0.9854
1805	0.9853
1806	0.9852
1807	0.9852
1808	0.9851
1809	0.9850
1810	0.9849
1811	0.9848
1812	0.9848
1813	0.9847
1814	0.9846
1815	0.9845
1816	0.9844
1817	0.9843
1818	0.9842
1819	0.9841
1820	0.9840
1821	0.9839
1822	0.9838
1823	0.9837
1824	0.9836
1825	0.9835
1826	0.9834
1827	0.9833
1828	0.9832
1829	0.9831
1830	0.9830
1831	0.9829
1832	0.9828
1833	0.9827
1834	0.9826
1835	0.9825
1836	0.9823
1837	0.9822
1838	0.9821
1839	0.9821
1840	0.9820
1841	0.9819
1842	0.9818
1843	0.9817
1844	0.9816
1845	0.9815
1846	0.9814
1847	0.9814
1848	0.9813
1849	0.9812
1850	0.9811
1851	0.9811
1852	0.9810
1853	0.9810
1854	0.9809
1855	0.9809
1856	0.9808
1857	0.9808
1858	0.9808
1859	0.9807
1860	0.9807
1861	0.9806
1862	0.9806
1863	0.9805
1864	0.9805
1865	0.9805
1866	0.9805
1867	0.9805
1868	0.9804
1869	0.9804
1870	0.9804
1871	0.9803
1872	0.9803
1873	0.9803
1874	0.9803
1875	0.9803
1876	0.9802
1877	0.9802
1878	0.9802
1879	0.9801
1880	0.9801
1881	0.9801
1882	0.9801
1883	0.9800
1884	0.9800
1885	0.9800
1886	0.9800
1887	0.9799
1888	0.9799
1889	0.9799
1890	0.9799
1891	0.9798
1892	0.9799
1893	0.9799
1894	0.9798
1895	0.9798
1896	0.9798
1897	0.9797
1898	0.9798
1899	0.9797
1900	0.9797
1901	0.9797
1902	0.9797
1903	0.9796
1904	0.9796
1905	0.9796
1906	0.9795
1907	0.9795
1908	0.9795
1909	0.9795
1910	0.9794
1911	0.9794
1912	0.9794
1913	0.9794
1914	0.9793
1915	0.9793
1916	0.9793
1917	0.9793
1918	0.9793
1919	0.9792
1920	0.9792
1921	0.9792
1922	0.9792
1923	0.9791
1924	0.9791
1925	0.9790
1926	0.9791
1927	0.9791
1928	0.9790
1929	0.9790
1930	0.9790
1931	0.9791
1932	0.9790
1933	0.9789
1934	0.9789
1935	0.9789
1936	0.9789
1937	0.9789
1938	0.9789
1939	0.9788
1940	0.9788
1941	0.9787
1942	0.9787
1943	0.9787
1944	0.9786
1945	0.9785
1946	0.9785
1947	0.9785
1948	0.9784
1949	0.9784
1950	0.9783
1951	0.9782
1952	0.9782
1953	0.9781
1954	0.9780
1955	0.9779
1956	0.9779
1957	0.9779
1958	0.9778
1959	0.9778
1960	0.9777
1961	0.9776
1962	0.9775
1963	0.9774
1964	0.9773
1965	0.9772
1966	0.9771
1967	0.9770
1968	0.9769
1969	0.9768
1970	0.9767
1971	0.9767
1972	0.9766
1973	0.9765
1974	0.9764
1975	0.9763
1976	0.9762
1977	0.9761
1978	0.9760
1979	0.9759
1980	0.9758
1981	0.9757
1982	0.9756
1983	0.9755
1984	0.9753
1985	0.9752
1986	0.9752
1987	0.9751
1988	0.9749
1989	0.9748
1990	0.9747
1991	0.9746
1992	0.9744
1993	0.9742
1994	0.9741
1995	0.9739
1996	0.9737
1997	0.9736
1998	0.9734
1999	0.9733
2000	0.9731
2001	0.9729
2002	0.9726
2003	0.9726
2004	0.9723
2005	0.9722
2006	0.9720
2007	0.9717
2008	0.9716
2009	0.9714
2010	0.9711
2011	0.9710
2012	0.9707
2013	0.9705
2014	0.9703
2015	0.9699
2016	0.9698
2017	0.9695
2018	0.9693
2019	0.9690
2020	0.9688
2021	0.9686
2022	0.9683
2023	0.9681
2024	0.9679
2025	0.9676
2026	0.9675
2027	0.9672
2028	0.9671
2029	0.9668
2030	0.9666
2031	0.9663
2032	0.9661
2033	0.9659
2034	0.9656
2035	0.9654
2036	0.9651
2037	0.9649
2038	0.9647
2039	0.9644
2040	0.9641
2041	0.9640
2042	0.9638
2043	0.9636
2044	0.9633
2045	0.9632
2046	0.9629
2047	0.9627
2048	0.9625
2049	0.9623
2050	0.9622
2051	0.9619
2052	0.9618
2053	0.9615
2054	0.9614
2055	0.9612
2056	0.9610
2057	0.9608
2058	0.9606
2059	0.9605
2060	0.9602
2061	0.9600
2062	0.9599
2063	0.9598
2064	0.9596
2065	0.9594
2066	0.9593
2067	0.9591
2068	0.9590
2069	0.9588
2070	0.9586
2071	0.9585
2072	0.9584
2073	0.9582
2074	0.9582
2075	0.9579
2076	0.9578
2077	0.9577
2078	0.9574
2079	0.9573
2080	0.9572
2081	0.9570
2082	0.9569
2083	0.9568
2084	0.9566
2085	0.9565
2086	0.9562
2087	0.9562
2088	0.9560
2089	0.9558
2090	0.9556
2091	0.9555
2092	0.9553
2093	0.9553
2094	0.9551
2095	0.9549
2096	0.9547
2097	0.9545
2098	0.9544
2099	0.9543
2100	0.9542
2101	0.9540
2102	0.9539
2103	0.9537
2104	0.9535
2105	0.9534
2106	0.9531
2107	0.9532
2108	0.9529
2109	0.9528
2110	0.9525
2111	0.9524
2112	0.9522
2113	0.9520
2114	0.9518
2115	0.9517
2116	0.9515
2117	0.9512
2118	0.9511
2119	0.9509
2120	0.9508
2121	0.9506
2122	0.9504
2123	0.9501
2124	0.9500
2125	0.9496
2126	0.9498
2127	0.9498
2128	0.9496
2129	0.9496
2130	0.9491
2131	0.9491
2132	0.9490
2133	0.9488
2134	0.9487
2135	0.9486
2136	0.9488
2137	0.9488
2138	0.9489
2139	0.9489
2140	0.9489
2141	0.9491
2142	0.9491
2143	0.9493
2144	0.9495
2145	0.9496
2146	0.9497
2147	0.9499
2148	0.9499
2149	0.9502
2150	0.9504
2151	0.9507
2152	0.9509
2153	0.9512
2154	0.9516
2155	0.9518
2156	0.9518
2157	0.9522
2158	0.9526
2159	0.9529
2160	0.9533
2161	0.9536
2162	0.9540
2163	0.9542
2164	0.9546
2165	0.9550
2166	0.9553
2167	0.9557
2168	0.9560
2169	0.9565
2170	0.9569
2171	0.9572
2172	0.9574
2173	0.9579
2174	0.9584
2175	0.9587
2176	0.9590
2177	0.9594
2178	0.9598
2179	0.9601
2180	0.9604
2181	0.9608
2182	0.9611
2183	0.9614
2184	0.9617
2185	0.9621
2186	0.9623
2187	0.9627
2188	0.9630
2189	0.9632
2190	0.9634
2191	0.9637
2192	0.9640
2193	0.9643
2194	0.9645
2195	0.9647
2196	0.9649
2197	0.9651
2198	0.9652
2199	0.9654
2200	0.9659
2201	0.9661
2202	0.9659
2203	0.9661
2204	0.9663
2205	0.9664
2206	0.9665
2207	0.9667
2208	0.9668
2209	0.9669
2210	0.9670
2211	0.9671
2212	0.9672
2213	0.9673
2214	0.9673
2215	0.9674
2216	0.9675
2217	0.9676
2218	0.9676
2219	0.9676
2220	0.9676
2221	0.9677
2222	0.9678
2223	0.9677
2224	0.9678
2225	0.9678
2226	0.9678
2227	0.9678
2228	0.9678
2229	0.9678
2230	0.9677
2231	0.9678
2232	0.9677
2233	0.9677
2234	0.9678
2235	0.9678
2236	0.9677
2237	0.9676
2238	0.9675
2239	0.9674
2240	0.9673
2241	0.9673
2242	0.9673
2243	0.9672
2244	0.9672
2245	0.9671
2246	0.9670
2247	0.9669
2248	0.9668
2249	0.9667
2250	0.9667
2251	0.9666
2252	0.9666
2253	0.9665
2254	0.9663
2255	0.9663
2256	0.9663
2257	0.9663
2258	0.9662
2259	0.9661
2260	0.9660
2261	0.9659
2262	0.9658
2263	0.9657
2264	0.9657
2265	0.9656
2266	0.9654
2267	0.9654
2268	0.9654
2269	0.9653
2270	0.9651
2271	0.9649
2272	0.9649
2273	0.9648
2274	0.9646
2275	0.9645
2276	0.9644
2277	0.9643
2278	0.9642
2279	0.9641
2280	0.9639
2281	0.9638
2282	0.9636
2283	0.9635
2284	0.9633
2285	0.9631
2286	0.9629
2287	0.9627
2288	0.9626
2289	0.9625
2290	0.9623
2291	0.9621
2292	0.9618
2293	0.9617
2294	0.9616
2295	0.9614
2296	0.9613
2297	0.9611
2298	0.9608
2299	0.9605
2300	0.9603
2301	0.9602
2302	0.9601
2303	0.9599
2304	0.9597
2305	0.9595
2306	0.9592
2307	0.9592
2308	0.9592
2309	0.9589
2310	0.9585
2311	0.9585
2312	0.9584
2313	0.9581
2314	0.9578
2315	0.9576
2316	0.9577
2317	0.9574
2318	0.9571
2319	0.9569
2320	0.9567
2321	0.9564
2322	0.9561
2323	0.9561
2324	0.9557
2325	0.9557
2326	0.9555
2327	0.9553
2328	0.9551
2329	0.9549
2330	0.9546
2331	0.9542
2332	0.9540
2333	0.9540
2334	0.9536
2335	0.9533
2336	0.9533
2337	0.9530
2338	0.9526
2339	0.9525
2340	0.9523
2341	0.9521
2342	0.9519
2343	0.9516
2344	0.9517
2345	0.9514
2346	0.9514
2347	0.9510
2348	0.9508
2349	0.9506
2350	0.9505
2351	0.9503
2352	0.9502
2353	0.9502
2354	0.9501
2355	0.9499
2356	0.9495
2357	0.9494
2358	0.9495
2359	0.9491
2360	0.9491
2361	0.9490
2362	0.9488
2363	0.9486
2364	0.9486
2365	0.9486
2366	0.9486
2367	0.9483
2368	0.9485
2369	0.9485
2370	0.9481
2371	0.9481
2372	0.9481
2373	0.9481
2374	0.9476
2375	0.9476
2376	0.9475
2377	0.9476
2378	0.9473
2379	0.9473
2380	0.9474
2381	0.9474
2382	0.9471
2383	0.9471
2384	0.9471
2385	0.9472
2386	0.9472
2387	0.9470
2388	0.9471
2389	0.9470
2390	0.9468
2391	0.9468
2392	0.9467
2393	0.9462
2394	0.9464
2395	0.9463
2396	0.9466
2397	0.9465
2398	0.9462
2399	0.9462
2400	0.9464
2401	0.9463
2402	0.9460
2403	0.9457
2404	0.9462
2405	0.9459
2406	0.9458
2407	0.9461
2408	0.9464
2409	0.9462
2410	0.9464
2411	0.9460
2412	0.9457
2413	0.9457
2414	0.9460
2415	0.9458
2416	0.9460
2417	0.9463
2418	0.9460
2419	0.9460
2420	0.9456
2421	0.9456
2422	0.9459
2423	0.9457
2424	0.9461
2425	0.9457
2426	0.9456
2427	0.9457
2428	0.9461
2429	0.9462
2430	0.9455
2431	0.9460
2432	0.9458
2433	0.9455
2434	0.9454
2435	0.9453
2436	0.9458
2437	0.9457
2438	0.9453
2439	0.9458
2440	0.9455
2441	0.9458
2442	0.9458
2443	0.9451
2444	0.9455
2445	0.9455
2446	0.9459
2447	0.9460
2448	0.9455
2449	0.9453
2450	0.9458
2451	0.9454
2452	0.9452
2453	0.9456
2454	0.9459
2455	0.9452
2456	0.9456
2457	0.9464
2458	0.9453
2459	0.9453
2460	0.9458
2461	0.9447
2462	0.9455
2463	0.9455
2464	0.9464
2465	0.9448
2466	0.9452
2467	0.9454
2468	0.9458
2469	0.9453
2470	0.9453
2471	0.9457
2472	0.9454
2473	0.9437
2474	0.9452
2475	0.9458
2476	0.9461
2477	0.9457
2478	0.9461
2479	0.9433
2480	0.9454
2481	0.9459
2482	0.9445
2483	0.9451
2484	0.9450
2485	0.9443
2486	0.9474
2487	0.9466
2488	0.9463
2489	0.9467
2490	0.9441
2491	0.9442
2492	0.9452
2493	0.9451
2494	0.9428
2495	0.9461
2496	0.9462
2497	0.9443
2498	0.9469
2499	0.9479
2500	0.9448
